|[20.6112,75.0096]|[0.89573,0.449232]|0.413716|0.251389|0.381295|
|[24.8614,-83.8978]|[0.93823,0.963298]|0.122525|0.340108|0.226682|
|[88.963,61.9216]|[0.622576,0.658598]|0.480245|0.403487|0.171907|
|[68.006,-85.0954]|[0.540053,0.252558]|0.492094|0.353346|0.142468|
|[-41.4146,49.7388]|[0.403885,0.906385]|0.420148|0.349497|0.188718|
|[-11.7234,16.9324]|[0.566709,0.159121]|0.109964|0.366069|0.486514|
|[-43.4016,19.5148]|[0.803616,0.769743]|0.245929|0.469414|0.244974|
|[-88.2888,66.3574]|[0.714026,0.908727]|0.127238|0.462524|0.37502|
|[58.7442,12.9366]|[0.150426,0.177983]|0.299593|0.225351|0.257472|
|[-73.635,-40.1292]|[0.508124,0.180604]|0.368641|0.453606|0.295356|
